,PC1,PC2,PC3,PC4,PC5,PC6,PC7,PC8,PC9,PC10,PC11,PC12,PC13,PC14,PC15,PC16,PC17,PC18,PC19,PC20,PC21,PC22,PC23,PC24,PC25,PC26,PC27,PC28,PC29
Obyvatelstvo - věk: 85 a více  - celkem,0.017104258230057283,0.23044984837926705,-0.2832524829497968,-0.10356528099596644,-0.2330047910131511,-0.06205255556313623,-0.43567095289857244,-0.04012399731153408,-0.13788446031790721,0.2142362816889782,0.17395840099536727,0.3812550878811238,-0.13976979311023152,0.18636206544035375,-0.09993678508391307,0.06291680760891845,0.05351909686556814,-0.04071116533394339,-0.0049531161031599715,-0.09030716259245224,-0.0315415845984427,0.006285625667114741,-0.04950650198597105,0.1078671320681048,0.015935913990729255,0.0834232500162574,0.019190929653495573,-0.026974345065392487,-0.015331386422645888
Obyvatelstvo - věk: 0 - 6  - celkem,-0.04344777036824513,-0.2549824694938628,0.32056619863912617,0.1432754176976983,0.2881418847022256,0.06206008675818682,-0.2336470896209046,-0.07346421813976622,-0.3111112363879333,-0.034531493266803465,-0.3363607002722184,-0.10336666473960883,-0.03278517596368662,0.25093588112884374,-0.062124803200165106,0.14272392885027582,-0.07917644718645667,-0.0071836762773853915,0.12816903383684183,-0.016469665398023036,0.0020958440152466684,-0.12183752298300549,0.2434136713196093,-0.045596731731018796,0.0441309623390548,-0.11450562284219941,-0.166808631336271,0.018546991408798855,-0.008500700038904638
Obyvatelstvo - věk: 7 - 14  - celkem,-0.0670736901664987,-0.12959923322583938,0.4453884673487523,0.14318251187163406,0.3036928244239937,0.02553546848119289,-0.08930409291012624,-0.35492742006455913,-0.12411154132301051,0.1297770072300983,0.06921537775410086,-0.023720351032408632,0.0001257866712977163,-0.3590274177276303,-0.04447710420785516,-0.07456717891137954,0.11550848489574383,0.05879127738275142,0.020263279409044772,0.05843532636875366,0.05834695521844747,-0.023050233622719317,-0.10708709001726757,0.13137941568907874,-0.015439033152492208,-0.02337777371211642,0.07203788501888586,-0.00033497449214810995,0.08606037962110287
Obyvatelstvo - věk: 15 - 24  - celkem,-0.05848009621375198,-0.12669282623562245,0.07515558948212901,0.05450034684247483,0.256860952068896,-0.05224444002843004,0.10926979984869671,0.1541607575312698,0.2345649163432994,0.06740502030629132,0.625572197242913,-0.1949397319722419,-0.01994070156293078,0.03639771485173109,0.1704069410322709,-0.026175781699458982,-0.021503654902393032,-0.08159893853689458,-0.05698723597401401,-0.06349790872331433,-0.018020476549689673,0.16483508083780468,-0.026636476288261764,-0.04663056728110766,0.017958102648723457,0.13604501609948066,0.1904431929626354,-0.010211167970143667,-0.1705706013732679
Obyvatelstvo - věk: 25 - 34  - celkem,-0.08386242170942987,-0.4903929117881451,-0.15412428569048486,0.07197339615865651,0.11656994473347722,0.050368702671205655,-0.018370912033093566,0.4221980030578094,-0.11025867654876756,-0.13527295050023996,-0.19693924464574472,-0.05056775225748652,-0.011361124682058556,0.4214624210389322,-0.02873316430194018,0.06139291541327164,-0.1178654130025836,-0.04713925971916368,0.027299036405778562,0.031077502702519553,-0.05237830424835329,-0.07295747397714204,0.17628359981285155,-0.0430066003176621,0.03537461604521903,0.04098930803425811,-0.06533248518274541,0.020296517783958055,-0.014980643986750404
Obyvatelstvo - věk: 35 - 44  - celkem,-0.05639400909399795,-0.3598777571067382,0.278575997525334,0.13469980526591166,0.24533089051923307,0.0505448828656032,0.00958464843701967,-0.16187149217635471,-0.1315970842062356,0.04105803387691279,-0.2899913199942358,0.235928077825198,0.15716825743632834,-0.20655078547838485,-0.1330375026379763,-0.0943765995711394,0.2898788993015447,0.014700557449021628,-0.05839780487101742,-0.00226403624299907,0.10549159333250811,0.11161903684268923,-0.20043246032606574,-0.001185735536505127,-0.02978214000212849,0.09332832871436235,0.19240144187829245,-0.07584496032679298,0.06747130611394032
Obyvatelstvo - věk: 45 - 54  - celkem,0.0467846338131004,0.009178053327987231,0.05027375706035028,-0.04547866131193054,0.004546868855186781,0.01601220596854257,0.44617715596604823,0.11201081677801802,0.38378404529088667,-0.027542570341392184,0.4471585299039962,0.043741378267544886,-0.19378456873784092,-0.03412015966897538,0.11424618149133392,-0.0465569658781578,0.051130458571106444,0.05625294272736045,-0.007498808159034765,0.24641318693753397,0.008453085219224714,-0.1647983510047424,0.08238258742870692,-0.005472644682065425,-0.03718544536996575,-0.13800151468415778,-0.27781281378169387,0.034628887745578936,0.12858866675893676
Obyvatelstvo - věk: 55 - 64  - celkem,0.08758500900389897,0.2672350640998491,-0.16437689213821935,-0.09135739619092363,-0.22202744878241315,-0.0018158929883224553,0.1977143528109901,0.14102948654355335,0.15058104437924855,-0.1433534232019886,-0.32134348481974245,-0.06768927578464479,0.055718613633495284,-0.06525531491010662,-0.19357286751922095,0.1946276472680821,-0.21576333554484486,0.11889063808031457,-0.04840252178998797,-0.42838346725886417,-0.16555657785499936,0.05592534422483984,-0.284432811077602,0.16620592402688414,0.005480757712899233,0.1140773267886133,0.0036653545245308936,0.10675329256855245,-0.1558112648764269
Obyvatelstvo - věk: 65 - 74  - celkem,0.09103011375667862,0.4827201727700186,-0.23807544773045977,-0.12855368277823984,-0.33330262079389883,-0.03267872318050996,0.0014078857772616504,-0.2586978013765556,0.013340002373045525,-0.039174191632783247,-0.12184249256581058,-0.13069480248629006,0.17057616470668371,-0.18891588528144113,0.14176020374689047,-0.13983176061577046,-0.06966849117565033,-0.06509530329648622,-0.030913161483688976,0.14792686734062346,0.0698899016438888,0.053388015326189,0.030757031492787766,-0.1954258913650394,-0.00312916983295296,-0.13663032500529762,0.05515163213186433,-0.08657935310345154,0.05561093486140084
Obyvatelstvo - věk: 75 - 84  - celkem,0.031280678865605926,0.3654988120034935,-0.2937347740764075,-0.16476223429445638,-0.37831096350396554,-0.08685674058265419,-0.3224987584910759,-0.002505835860980442,-0.12446664373751964,0.09597405671596076,0.13029911915223436,0.0829390947477842,-0.11049292847192654,0.0743328723344329,0.09333419958085229,-0.031567638496130215,0.06574432443222854,-0.029814276615237046,0.07144473473936046,0.0787449195078172,0.02175392949388143,-0.020414787887813934,0.1727630518216892,0.018814124455255363,-0.020930624574702694,-0.006196872741790594,-0.010070357844584026,0.01867975265312167,0.007289477639784943
Obyvatelstvo - ekon. aktivita: zaměstnaní - celkem,0.9881578146841955,-0.08445544914212796,0.01747296721125301,-0.043556743170766,0.02400898579189437,-0.03457846108452359,-0.009845625063495395,0.009981498912705462,-0.018227768935988885,0.003823883162288747,0.0014735719264208603,-0.001357292108757036,-0.0018449990452948687,0.00023057338226067199,0.007270622430914098,0.004587834368481054,0.008601711999423023,0.0018816502934268437,0.0026692606107997082,-2.1365534032248645e-05,0.00034177049686538025,0.0022344469153965664,5.890444775063976e-05,-0.0029763657684083434,-0.0034365385091884456,0.0026486530693267253,0.002327057678275318,-0.00045623349465666817,-0.0008339023190046327
Obyvatelstvo - ekon. aktivita: pracující žáci a studenti - celkem,0.9418205154321448,-0.10219446999276939,0.01457631763542849,-0.014004281714011208,0.007750043139154833,-0.04168402491113369,-0.01893965546279984,0.01891941839659603,-0.018930835832190167,0.008601498202887631,0.01166822956587354,0.0077999622171687965,-0.006040943266733333,0.003828489021965893,0.014308244741181326,0.00326004834210376,0.008470826358206276,0.014330703194838083,-0.000887051766430029,0.004924996865497455,-0.0015685197241848614,0.002277407958580184,0.0011257974790595047,-0.0016729547559160127,-0.004522985578310283,0.008150111588079595,0.0053754595127188855,0.0020087313405163557,0.00231045784288232
Obyvatelstvo - ekon. aktivita: pracující důchodci - celkem,0.971538728799802,-0.07899998041226644,0.013419281409146411,-0.05365366862429294,0.021627553801781607,-0.03338957947346655,-0.009192517999445645,0.006139417897347994,-0.019425032063416805,0.0046168597903404746,0.005961831919242535,-0.0023406884818703557,-0.003773896741151975,0.00538228892890346,0.009485212466345575,0.008648188808866373,0.009968866683434453,0.0011063534296596922,0.005223698060384669,0.0012646505247814006,0.0019811561361530584,0.0027668046167538783,0.0012473508027868612,-0.0024525462450877256,-0.0019930403267156356,0.004964150274011837,0.0027056814181420346,0.0005547240162526881,-0.0005368321905079948
Obyvatelstvo - ekon. aktivita: osoby na mateřské dovolené - celkem,0.9181890674129475,-0.08309537486015879,0.020086528717959157,-0.045658068053626974,0.027713325802354336,-0.03834768126949424,-0.017249061308698674,0.022579337015880524,-0.02358122085045946,-0.0021875464349544946,-0.00041942702030668385,-0.0004203165403046454,-0.010260661551558236,0.0038704906462004164,0.0037920487976353685,-0.002337131841919047,0.013293574767475074,5.388996764941878e-05,0.0005215144339363976,0.0007886330340739024,-0.007480594888534689,0.0006324512381519726,-0.005309208474241643,-0.006059700897614821,-0.0019191990590676042,0.0030309796209853157,0.0038820820293405727,0.00014328103126628466,0.0002987254477121845
Obyvatelstvo - ekon. aktivita: nezaměstnaní - celkem,0.8926374707194276,-0.08062465625427646,-0.0022949301848386723,-0.0632514014894794,0.023280212460745534,-0.023759548531748054,0.014074201298185996,-0.01571240956857327,-0.01407583017971097,0.010688415051491335,0.012850304725766476,-0.011019763187192553,0.013965114089507586,-0.005377964347549855,0.01140950410764597,0.014353754164782252,0.005286588188332035,-0.00973571757857005,-0.0020866146294392118,-0.011853589241032322,0.01091867278726129,0.0028663500602675363,0.011910219618236573,0.004218361924412315,-0.0007773899165182252,-0.0005089314462042767,0.0030240420727138556,-0.004973048683624852,0.0026279092472735804
Obyvatelstvo - mimo pracovní sílu - celkem,0.9859297807434589,-0.0767909399661208,0.017259737221024328,-0.0533780833668286,0.027985884637519345,-0.0335178030705879,-0.006201808459801756,0.007077008506779043,-0.01464097046794794,0.0013085718411412414,0.0024940553954723656,-0.007890330079892226,5.80592674627628e-06,-0.004249057628643338,0.007298326441158519,0.006584049434763061,0.008028957882670128,-0.0009424831852277381,0.0022559524964873264,-0.002107572817497892,0.0006214647519152103,0.00037200939524827977,-0.0008319081863513727,-0.004566071039686884,-0.00335010823908897,0.0010005152914097024,0.00027308796398449773,-0.0031785379009303537,1.9172184430632135e-05
Obyvatelstvo - ekon. aktivita: nepracující důchodci - celkem,0.9609721059587895,-0.06715025738006565,0.012758172371496462,-0.050057648258595454,0.02521275754476392,-0.03672173288183347,-0.004467216487752496,0.00814192153585826,-0.015596831433269068,-0.0010683496462229808,0.005578605802466046,-0.015747581451867006,-5.4118235600288145e-05,-0.006043532335046431,0.008646477372937009,0.010090316978863843,0.00842107218681512,-0.004673289767199893,-7.627404378161231e-05,-0.0039327143285743,0.0030222897423670685,0.00210725527279458,-0.0026513908114115413,-0.004976074976970225,-0.0038230540168515503,0.0029891326847399638,0.00030653519478503893,-0.003922048405295594,-0.00026809199144790585
Obyvatelstvo - ekon. aktivita: ostatní s vlastním zdrojem obživy - celkem,0.7912641563869087,-0.07901956052956945,0.013233778700817003,-0.03199569427162099,0.0077133434269948155,-0.010757667439134793,-0.012166935714378919,-0.022006777472444033,-0.003403184756588163,0.007281631677726583,-0.012624469800532726,-0.008916152339205612,0.007613116507696514,-0.0008282855761624106,0.022069089229876653,-0.0003103202049503615,-0.003220581551986802,0.0038129968331003347,-0.028767838581935164,0.008768836052751946,0.004233019361734695,0.017409370853457846,0.006035168410898155,0.013394133812204513,-0.0019075415228966231,0.02036703967096039,0.026815307450022047,0.004676969019612099,0.012296682400920316
Obyvatelstvo - ekon. aktivita: osoby na rodičovské dovolené - celkem,0.9744371213458761,-0.0791584622507063,0.020266925844893896,-0.05006093907203586,0.028131281588854574,-0.0345830149747824,-0.012075399105731566,0.010366032262632423,-0.01847126516034584,0.0017971921256103283,-0.0006484398841339066,-0.0031627679818172247,-0.004312668246067708,-0.0009489210125686717,0.005251179992625775,0.0008018116904813517,0.008286883868662323,0.0024376427593885554,0.00717997030727376,-0.0010138846443494389,-0.0007587146669177071,-0.0038960106557884063,-0.0015867457758350376,-0.0095425493122764,-0.0032025522322398203,-0.0015662777627317708,-0.0013925684810955968,-0.0019069068388822344,-0.00044164430644994993
"Obyvatelstvo - ekon. aktivita: osoby v domácnosti, děti předškolního věku, ostatní závislé osoby - celkem",0.9732728349323713,-0.08776006049903347,0.021656511604236473,-0.05379225011505239,0.029165570665865757,-0.029711782279868322,-0.005090628859356082,0.0035801265755893135,-0.018119631698481197,0.004283510953507978,-0.0008532517112342356,0.002409366800596763,0.00029923380063057896,-0.0003901453852282086,0.006292902433733306,0.0037184166609850575,0.009237531295652494,0.0008485367433310055,0.004052333639314077,-0.0011383244982003697,-1.8385173271841896e-05,-0.0011967133967396735,0.002616207050383182,-0.006504728603076997,-0.0012058513865493413,-0.0019509068915308733,7.685903470705043e-05,0.0009405480355288043,0.0012104032891107268
"Obyvatelstvo - ekon. aktivita: žáci, studenti - celkem",0.9811644717089213,-0.08161318807359551,0.02080442697564672,-0.05632603936425353,0.03050961541553552,-0.028471050174472476,-0.00845287224045921,0.006748439802136145,-0.00962169887385855,0.0033350773739943577,-0.00022144403502353513,-0.0010003554014781557,0.0005164694296928892,-0.0038097430604576202,0.00534334687962972,0.0029461325166669,0.006255355089527837,0.0037744435948774712,0.0045694428998170585,0.0002354900501302155,-0.002915236633433531,-0.0011733518003947917,0.0002807518656256107,-0.0018769326001457194,-0.003667211114217332,-0.00047557967644473666,0.00028562174969962894,-0.004467065373228032,-0.0002678841966886894
Počet osob v bytech celkem  s právním důvodem užívání: ve vlastním domě,0.049968923390562116,0.5561346089329072,0.6557867270107113,0.04538242763610124,0.007798762815651153,-0.07319081228607159,0.06036212685459094,-0.014328599953067843,0.050992939600408745,-0.005455738878717055,-0.020176542552427672,0.04740168194875984,-0.030202765472679787,0.156085669479274,0.10759708801857336,0.005103388647884922,-0.0453396449866297,-0.021209061357785833,-0.044592014666326375,0.01826305278328938,0.021207035414711334,0.06548779377762078,-0.049988853082425615,0.06024466121318872,-0.08705303126179066,0.018986931036462117,-0.015370457862226853,0.03577644292891434,0.015529523998607282
Počet osob v bytech celkem  s právním důvodem užívání: v osobním vlastnictví,-0.15294325869639963,-0.4639896970599782,-0.35468237982661016,-0.12487053510835236,-0.2066471753166192,-0.011925498305490856,-0.03177184055557435,0.07193087492258261,-0.30922110369112243,0.036620071185957837,0.027271565399145003,-0.18446896714165506,0.009780222733959922,-0.1161278504327085,0.029587664003161342,0.0751875019418963,0.18001909608411812,0.018043636108853955,0.03745841996445438,0.017330318747678278,0.06869059322613931,-0.04606952270747295,0.07892864210904428,-0.05194104085295303,-0.024939602662738137,-0.03862192230608671,0.12079638694031306,-0.016051864093695394,0.022325284384066144
Počet osob v bytech celkem  s právním důvodem užívání: nájemní / pronajatý,-0.08523790202722978,-0.48552342154955064,-0.510438325602442,-0.0035482215763824694,0.12138764488342765,0.043937090866512526,-0.013000964880754277,0.03382263183538346,-0.07319524031662782,0.0014746752630070072,0.033668986168028506,-0.29242949539814683,-0.04927882861579554,-0.05269357564413508,0.019986092143077373,-0.004586143505640806,0.006454262532171387,0.032194961115678634,-0.042884935827369686,-0.022944912909331563,0.07429707415209352,0.00961553508169053,0.07605576750600118,0.022229109210892512,-0.12215388777282396,0.08867976603442473,0.13520327824720044,0.028612735371250465,-0.03488457756860485
Počet osob v bytech celkem  s právním důvodem užívání: družstevní,-0.0544949555259262,-0.1588108205505088,-0.19343910736208972,-0.05608018259809651,-0.07347934122539962,-0.014822691600170938,0.017503628957981514,0.04417453971843195,-0.15778141240068497,0.06355341058878455,0.04357275080538742,-0.18996444522420536,-0.006606545825413479,-0.1307507496565787,0.051917958770653805,0.007190106480198403,0.25449806154555876,0.1460862970929361,0.237327747135636,0.02574319183070911,-0.15041380634714552,0.16755341721752837,-0.14412309444701865,-0.06719483959546606,0.6119960160052684,0.1944606634592394,-0.23568925298855206,-0.20854712017955807,0.010374374727424127
Obyvatelstvo - s trvalým pobytem - celkem,0.11773491536028723,0.011046840572053252,-0.05617651474156215,0.887659944884744,-0.31453478131946677,-0.196183232773136,0.009996822402488396,-0.05730742662969782,-0.07486031839342043,-0.12521652791297858,0.0727689768008469,-0.03251866209088051,-0.013981649263604689,-0.0072647731923833015,-0.018417865933306344,0.015171340798796644,0.016571897008526213,0.021469549006472126,0.0015625917020962573,-0.017322344834081946,-0.015665828954903444,-0.01195532179392328,-0.01199394867865774,-0.0001634874721600412,-0.01112034928182153,-0.01511241619886743,-0.019018843480359992,0.011124140654615132,0.005709671237943622
Obyvatelstvo - s dlouhodobým pobytem - celkem,0.10089616474990346,-0.11769524216485912,-0.10312795644769804,0.7581810235411759,-0.2457057681921799,-0.16598316668496196,0.017213394106065885,0.07962587701403201,-0.019641834653571652,-0.12709532985207758,0.042392046049292656,0.08490350332231908,0.01656085242768783,-0.028752313938057376,0.0012143711939099175,-0.032692192302867754,-0.0020407659738944646,-0.059791253788446214,-0.002542089382730412,0.022590581416882995,-0.03548862295794934,0.03221409942159149,0.00902635336309327,-0.017580233141165896,-0.007452430073082468,0.014590376647557054,0.026462524731126348,-0.020277050485513683,0.013780704477288809
Obyvatelstvo - bydliště po narození v obci obvyklého bydliště -  celkem,0.1092959749375967,0.009966351766137372,-0.04612179663334872,0.881393891148039,-0.3118598303515646,-0.2022901204607825,-0.0016193933878721168,-0.03193192896314961,-0.08297000136855465,-0.1204170921451358,0.08118950686587521,-0.048568836133815,-0.01634610526997902,-0.01254998152891933,-0.018262779574462314,0.016395889077295323,0.028795686546368385,0.021100612249452363,0.007662188317073065,-0.026470839195829828,-0.018172850356596226,-0.008250261208041874,-0.007516022607279345,0.0010203872562445418,-0.014313861596295843,-0.013935544630161298,-0.012428538266744987,0.010689220211442849,0.00641003408647868
Obyvatelstvo - bydlící před rokem ve stejné obci - celkem,0.11617318556403537,0.00590220011026885,-0.056765412913951784,0.8909185010663204,-0.317529650004169,-0.1982145891248723,0.011542641549753362,-0.04976228454285609,-0.07431201583938876,-0.1283844816635179,0.07455239384953644,-0.029010113671364725,-0.013099102080903553,-0.011084040901024121,-0.016507137159692625,0.012287330293524829,0.018543689978694457,0.016465074812928047,0.002853252887973823,-0.017738643191524833,-0.019017058875707527,-0.008296816043296119,-0.011705594624263195,-0.0003368255367345993,-0.012965164845566632,-0.01363532458722408,-0.01648040393539523,0.009341849539154012,0.006895757067073794
Obyvatelstvo - zaměstnaní - postavení v zaměstnání: zaměstnanci - celkem,-0.05200240630697745,-0.27740303397225763,0.17337628785552808,-0.028271021608198155,-0.10362795689339344,-0.05731302036145524,0.5097983541125104,0.5877712310829024,-0.17888761577514636,0.1186228950636383,0.007399933539571518,0.08731348855979215,-0.11910772889313088,-0.06224177004203223,-0.05122510970031882,-0.04505630125250315,-0.05856882622633273,0.034434125329779186,0.0002442828143850091,0.04453941713763247,-0.015940361738724994,-0.005762147410210426,-0.07583938817586544,0.08646872918772312,-0.006846222547708376,0.1481689051036001,0.013520557590975276,0.034086160323183054,0.05178476640021379
Obyvatelstvo - zaměstnaní - postavení v zaměstnání: zaměstnavatelé - celkem,0.025032477903343845,0.0003352929777270467,0.12991822851866244,-0.04850626027834369,-0.0677524605674348,0.008414493910372202,0.027977337446961233,-0.15143347633021492,0.19859072053198323,-0.1348451978377391,0.08389970236177532,-0.06438520898109669,-0.1688009729012759,-0.06561975809708989,-0.31848198057640925,0.28782723214990386,-0.04239738662006205,-0.3076465290617605,0.16901635856269986,-0.17181910095282227,0.2417979947931677,0.11891165030692938,0.17767101359890192,-0.14229379657206145,-0.04413852480063869,0.14804554749779053,0.003496874874875963,-0.03642150262444602,0.10853342828018897
Obyvatelstvo - zaměstnaní - postavení v zaměstnání: osoby pracující na vlastní účet - celkem,0.029786822702957298,-0.08007255398264582,0.2482611147423624,-0.057626387755725296,-0.19133525060950482,0.1332511522334552,-0.15165068230813133,-0.17742631222235306,0.43097340410832813,-0.3422821457885629,-0.14850123339270413,-0.06994339672358146,-0.31830172843833343,0.10438133459722662,-0.024587535720060647,-0.09360344461411858,0.14522538957956815,0.013724628586320578,-0.12130398404967521,0.11386102297052951,-0.1274675552718201,0.04716170794672306,-0.052893821211443266,0.1136827241571954,0.07931535637219213,0.007756382317165271,0.016869678973077402,0.05599802369336487,-0.054832597062086146
Obyvatelstvo - zaměstnaní - postavení v zaměstnání: nezjištěno - celkem,-0.004446079770105761,-0.2337879573245876,-0.17906365124081053,0.03487744137763391,0.015817795409236605,0.0645247508387723,0.09571963895703169,-0.11614660270738024,0.36418063367661896,-0.11995159374372809,0.07336892287217155,0.09346590863532651,0.5603473044328843,0.24658581918278424,0.045144698458327144,0.13952242999069864,0.14522344818142674,0.01127968833637781,0.08451918694169566,-0.021933104750572377,0.009276491355390073,-0.047927283716584904,-0.0002994114619454684,-0.03410137707449121,-0.033737624019489404,-0.018983332813694125,0.027336341011159383,-0.016698699933863144,0.02976888077597296
"Obyvatelstvo - věk: 15 a více - nejvyšší dosažené vzdělání: bez vzdělání, neúplné vzdělání, základní vzdělání - celkem",0.039816532400024154,0.24835078229533158,-0.4313940241767282,0.09151140562708722,0.3952059137390971,-0.042733049918324974,-0.014310700876697707,-0.14230252822480088,0.07703752828917863,0.10874384116959428,0.2838531039893439,-0.09748946523686032,0.08832012501486688,0.11712450666393069,0.03250767195001298,-0.04371683481612279,-0.0746115144581236,0.0723221910166117,-0.17547903501062914,-0.1878645851950654,-0.018588331411593422,0.14439924875972984,-0.0803443038352977,-0.12394038821268774,-0.12107256092856347,0.09087886752169208,0.004260280639973647,-0.06685839436548485,-0.08998421256237774
Obyvatelstvo - věk: 15 a více - nejvyšší dosažené vzdělání: - střední vč. vyučení bez maturity - celkem,0.09868120900276574,0.6931593432474524,-0.2211940254001967,0.01802749941899944,0.0895725467447752,-0.09590560531888795,0.2943723761956434,0.09170072072151596,-0.02710104287487413,-0.0008884478037798276,-0.15450661686543557,-0.09255464506538127,-0.03376683813164198,0.1534349996403115,-0.07231364625536721,-0.13747849045042582,0.12536586604329755,0.06325276559829443,-0.017373930704312243,0.0206213035949584,-0.021093881768587164,0.0014670940456777723,-0.0478882765049075,-0.046051872171115164,-0.026333508052445765,0.04254281080420442,0.004220627652440542,0.0019763767944309778,0.06474598250096045
Obyvatelstvo - věk: 15 a více - nejvyšší dosažené vzdělání: - střední s maturitou vč. nástavbového a pomaturitního - celkem,-0.004771670847670634,-0.15136615259939654,0.23378147633867108,-0.1998326252444318,-0.5575943498402396,-0.001259505642247663,0.10666097360548386,0.06948922140329054,0.08466949403802398,0.004896969834394065,0.1911369554169141,0.05659846169463634,-0.008241328175382454,0.008735180570175175,-0.08756533852717903,0.10486913997073326,0.050180583342598284,-0.12280724718178287,0.19768102004156132,0.06510483464008374,0.06650375641807833,-0.06366468256528203,0.0440650562584839,0.07504336842577289,0.22909972230004064,-0.05394117217520366,0.14483720951149853,0.08009414543514973,-0.08899507706965494
Obyvatelstvo - věk: 15 a více - nejvyšší dosažené vzdělání: VOŠ a konzervatoř - celkem,-0.033860382151391415,-0.19967031731013096,0.11755692834781171,0.0131554047947476,-0.0968892645847572,0.057812832092472524,-0.008813654549812271,0.18260433136782148,-0.05005415940017428,-0.009429196297648781,-0.11962073725857857,0.24742960306829317,0.0576374003939589,-0.061440586637690926,-0.17995293052707337,0.014990491047257706,0.029843124292712787,0.047043013918027794,0.07359401600368069,0.4709249493506708,-0.17914287076693367,0.3562547243510769,0.11995428858726835,0.047492838525706675,-0.2251087793368077,-0.007452543617691299,0.16265463333324806,-0.009238014004669743,-0.2559756081021326
Obyvatelstvo - věk: 15 a více - nejvyšší dosažené vzdělání:  vysokoškolské - celkem,-0.07652496278963512,-0.5959270108581379,0.2714541236487014,-0.12603652163639997,-0.424046866077553,0.08003039167604377,-0.30664330900852105,0.06957940631388813,0.04256080003893278,-0.0417497136281796,0.035063017407034325,-0.0018339489095355523,0.055237570030792736,-0.04736795674724195,0.08285268550430695,0.022576733303120048,-0.12107524649214528,-0.02780940466683136,-0.11192566605529805,-0.03295257498540741,-0.029276805250261387,-0.0392157492495173,-0.03574586356537499,0.026039956780302766,-0.05249655349904576,0.018527705910360657,-0.09932675054652594,-0.027960004085106245,0.07265751698969138
Obyvatelstvo - věk: 15 a více - nejvyšší dosažené vzdělání: nezjištěno - celkem,-0.0171292261586222,-0.1540422267163776,-0.44149445399187304,0.10192138142115834,0.35409137188653467,0.031032393153066377,0.03452823942020132,0.08050783000286824,0.1292050765644262,-0.14976463092353148,-0.12888384496121014,0.25901440625981165,-0.11112281780390347,-0.26746504950595834,0.22876937750554807,0.09302343186323064,-0.07496371403414846,-0.055736374667485274,0.020380831094101243,-0.016264811404133096,0.021059148157311497,-0.017119880014056565,0.05770785960823523,0.011447061899437384,0.0102819830312209,-0.04224488038870248,-0.03173874406458768,0.0007464228820998575,-0.0034821014383401155
Obyvatelstvo - rodinný stav: svobodní  - celkem,-0.12337558851519378,-0.5586103761399587,0.0233106001290764,0.21710598827847388,0.6117881402566397,0.09021317142069671,-0.12006564739567992,-0.017948551917676595,-0.06248727611490795,0.0009051588145056889,0.10770844432588236,-0.18764594050983913,-0.03379434271481085,0.12190962231997221,-0.0356721425400696,0.015444463329172514,-0.010815485928891089,0.03333793315969594,-0.01690395294806509,0.024036870597328803,0.003595267686895348,0.016594225462061983,-0.025354168272974743,0.0010135000019623735,-0.025608333218738188,0.04580647027487587,0.02558214886312487,0.03360772466389185,-0.037667941056395114
"Obyvatelstvo - rodinný stav: ženatí, vdané - celkem",0.04994752280617295,0.435671304592029,0.5406011847531063,-0.09343261129791508,-0.4011310724987852,-0.07946127810095821,0.1396050961726901,0.12364462007663016,0.04171673227045853,-0.06846718881634457,-0.16278787340469167,-0.04761514845310383,0.11613034522333272,-0.11256389988527638,0.2230191000720742,0.026489655489987166,-0.02605528938029341,-0.08257653437693362,0.018483157079401166,-0.05846803629457571,0.0281656825239871,0.04184642006593455,0.10590663827585092,-0.09870517235524982,0.035028750308454974,0.010235648029402139,0.047426174627415704,-0.09913056856003842,0.001392426064462882
Obyvatelstvo - rodinný stav: rozvedení - celkem,0.06800975554372514,-0.18918506405515353,-0.5899271283136224,-0.08513940978899552,-0.054016418263583006,0.06889789901020862,0.24847116986454232,-0.1872561646463638,0.1177781137006025,-0.016058474053083128,-0.026224708016300648,0.06980166699244993,-0.08693765463064201,-0.1495061302119086,-0.2743346677134789,-0.03445358749808865,-0.011287096558673111,0.14890757546641487,-0.014229950044714125,0.07569144633123961,-0.01287768296254578,-0.12924788889931865,-0.1133092539326499,0.0754824501189938,-0.009119623704961343,-0.1719255646655327,-0.15455092034243995,0.1459575192308262,0.018438458303998515
Obyvatelstvo - rodinný stav: ovdovělí - celkem,0.0452219332988336,0.42925652310477735,-0.39819225013582055,-0.11350049256705472,-0.23624054337734385,-0.09071918051518789,-0.35866549703901146,-0.05460942001371372,-0.1660442415380239,0.17837372341608818,0.165638311842521,0.2721611732042344,-0.16306654235437043,0.1765977546250682,-0.07314638780621333,0.014051892058428129,0.09373229841738369,0.016775351072642167,0.012069072930055316,-0.003779246648085498,-0.01443301923340069,0.007607861409919114,-0.03397863390114384,0.11638897388701253,-0.03541378622027699,0.09374150124913759,0.015612845128840858,0.00380067766203528,0.026269668399741035
Obyvatelstvo - rodinný stav: nezjištěno - celkem,-0.014306045032688968,-0.24606932905033885,-0.20829585196356518,0.04048308918381813,0.026472098180946008,0.011143597884615605,-0.05657929936019923,0.22497824647816558,0.1853675951494988,-0.05391760507279767,0.033920852711097,0.34338544714104574,0.3318127154332167,0.06055176156313574,0.03445333302678603,-0.19626634899718473,-0.011205715072758816,-0.3315815041336227,-0.0050480176330130275,-0.037664039157103785,-0.12904146026158325,0.12188583912747669,-0.0035961270513963648,-0.006318550111211652,0.081635085221833,0.037118849588202205,0.10847541075277442,-0.14059253220207346,0.0680168224973877
Počet osob v domech celkem s vlastnictvím:  fyzická osoba,0.06506449105466984,-0.0038317462359596516,0.02384731285600522,0.27334729131639973,-0.07650841082495688,-0.04056256282303717,-0.029749620660432435,0.007445821872178518,0.2165976037869514,0.26033237891554173,-0.16835706608654705,0.0880553732298416,-0.03692713020551214,0.07301626937638411,0.05555645066787977,-0.07877797178188549,-0.24891846959038505,0.15358313852750716,-0.1365955306981661,0.10014417394395106,0.39231655659812265,-0.044268330368111286,0.0043516396140923005,0.06130847921633989,0.24370388052138617,0.15586292800079338,0.07278212482372683,0.018412387257573604,-0.09221993502530267
"Počet osob v domech celkem s vlastnictvím:   obec, stát",0.021291438868098794,-0.0845283407867955,-0.09728772702766668,0.1340720788652808,-0.029754184675649668,-0.028415045795987054,-0.04564321873339073,0.048897037350554,0.2537806953554346,0.46089752540678436,-0.16320962402823375,0.005879935976760538,-0.08082381384988743,0.015782895434627915,-0.015134964323962288,0.14149955698843394,-0.11974156502356159,0.053456539075033054,-0.2258102849557643,0.1596806912189154,0.2908746803266549,-0.12109940249974263,0.016754001346201405,-0.0335028801311752,0.1858816388737346,0.06495381522586244,0.17980790264180976,-0.019492756731408427,-0.05911859323792005
Počet osob v domech celkem s vlastnictvím:   bytové družstvo,0.0003652700302474189,-0.09155153276364451,-0.044824863941380286,0.09885653713565444,-0.03133984550218596,-0.019665275720133178,-0.03205074843836723,0.056770360915932,0.3574991222339018,0.5987897506172246,-0.23155155231971508,-0.19029083296124044,-0.021224770957223357,-0.018210738167226546,0.06846052391491997,0.014559063815650877,0.20181820464336417,-0.16005284136011694,0.1858517275355512,-0.08812844035966459,-0.2754529475368748,0.06565333538612825,0.01392470311760242,0.03321357862641969,-0.15772118851127712,-0.09522905445567456,-0.12931737356169912,-0.017244987354404884,0.048405963137110826
Počet osob v domech celkem s vlastnictvím:   spoluvlastnictví vlastníků bytů,0.028133101954344507,-0.1501859393401451,-0.0903586421860719,0.34218052771555363,-0.13572019509209404,-0.07348040611867147,-0.03138455160874681,0.05142548062772022,0.3794886738684208,0.615622897077405,-0.24602041090749843,-0.14630545997453484,-0.04406495471777884,-0.00842786433874524,0.04109374146484707,0.03783321720915775,0.062302295526238075,-0.08930691832161092,0.062289569865609566,-0.0030319992542906823,-0.07866652578123301,0.02095065689293124,0.022335965592230257,0.019809977119696134,-0.09890876353963607,-0.053307909045820535,-0.025147150886084366,0.0013061886102679328,0.030036426681461222
"Obyvatelstvo - zaměstnaní - odvětví ekon.čin.: zemědělství, lesnictví ,rybářství - celkem",0.10337908706972233,0.42024626787417196,0.033230563763670805,0.06805589393194442,0.13164727978345267,0.05356485767297199,-0.09820760738468953,0.07917538787410752,0.16663366897993107,-0.18759957947174263,-0.12195593443111416,-0.23688644654716776,-0.043426400841167716,0.1870479866251429,-0.010025572487736239,0.003186846337242321,-0.011278589786740671,-0.04022475020460222,0.035694081779908966,0.3791289871350914,-0.08050196514580338,0.12459216277335562,-0.23154200296732205,0.12687399813059017,-0.03887200810931954,0.2512523647835197,-0.0917418351103855,0.08322825782889098,0.004473660941794214
Obyvatelstvo - zaměstnaní - odvětví ekon.čin.: průmysl - celkem,0.01278680389351473,0.20477572955344464,-0.031861632687074315,0.07223676137879102,0.222519468248158,-0.11778681424793556,0.43321538367196777,0.47811700077246766,-0.2342046558088941,0.07340058203252985,-0.014839349707707759,0.0700325895772672,0.09669937938179891,-0.05224568138753462,-0.09475576767807871,-0.05128905540964084,0.15055020246033488,-0.31511575066397896,-0.18676592970289668,-0.009381547119206402,0.06242096195849812,-0.08167452197385414,0.044752996670802174,0.15967613773079026,0.1436535479009914,-0.10403200324295366,-0.011953837459592205,0.08849784428305033,-0.010348302139340428
Obyvatelstvo - zaměstnaní - odvětví ekon.čin.: stavebnictví - celkem,0.00038279384878616964,0.014671520019140169,0.103865864923162,0.02038270930411734,0.03795418538156745,0.008540428944197563,0.10057997507310461,0.06697507943476201,0.2953214659494196,-0.1447691721457016,-0.1278418413204704,0.13302152862016392,-0.26872314625501365,0.04722278931203951,-0.054927957948501444,-0.06558220503424039,0.26614896813185135,0.39316775395117526,-0.21123372680245664,-0.15126711346457541,-0.2814067395163205,-0.09289202122929317,0.35083097674211144,-0.21947072773055262,0.0902808123922924,0.052104877205906314,0.28655837432272596,-0.1573928007586407,0.05218851323937267
"Obyvatelstvo - zaměstnaní - odvětví ekon.čin.: velkoobchod a maloobchod, opravy a údržba motorových vozidel - celkem",-0.03262357576637612,-0.2844740567652115,0.1851741919981273,-0.062280475571987876,-0.16426094703359334,0.02118221796060681,0.1935716761409905,0.00939726401311097,0.06722804640546044,-0.00899068402366193,0.06697005658565112,0.04806670650172169,-0.3200741540621632,0.03828896114634163,-0.04505274905170898,-0.09066847262412768,0.11333123051646203,-0.021181567544825877,0.3416348565369464,-0.2191535650036919,0.12321782828174278,0.01915530533859512,-0.15249790410223912,-0.09320967196893779,-0.0742084523463439,-0.20200783989491206,0.18867975351995472,0.19177297271391194,-0.3047968449152698
Obyvatelstvo - zaměstnaní - odvětví ekon.čin.: doprava a skladování - celkem,-0.0007423633413880399,-0.09595076211466738,-0.046666431770311434,0.030062632641243394,-0.016270080896337878,0.002263902708986367,0.3541130903593912,-0.00976318250748331,0.009597136632970687,0.06112556997999122,-0.06540069978410551,0.20430204992549245,-0.04301280204800356,0.08967741502979971,0.03977718647698042,-0.27324568322024734,-0.19642457274266814,0.27879124044487535,0.4852433541568744,-0.05386161129870841,0.2059447840366374,0.08022372388447029,0.05569631871454567,-0.03398639700094139,-0.21103647685899748,0.2792958191617698,-0.08161603327873264,-0.20339985458394794,0.17524099299040122
"Obyvatelstvo - zaměstnaní - odvětví ekon.čin.: ubytování, stravování a pohostinství - celkem",0.016570927285210684,-0.13176098156235613,-0.09694880836209677,-0.05363352477297613,-0.0743487193140041,0.08062245456966234,0.007100756997022951,-0.17701142000225645,0.3207842220512506,-0.22711454194886538,-0.018392130504028183,-0.14267543344867797,-0.020708507992294584,-0.027095953153389207,-0.30371526452089065,0.1301844444427232,0.0689229457679052,-0.2971939999788004,0.06684992004665881,0.11800736208091109,0.09761265530884983,-0.14752895717454315,5.938390311194023e-06,0.060430924114550304,0.013879247803761527,0.24952664202699104,0.06454631540959503,-0.17400713276506877,0.08256055427738883
Obyvatelstvo - zaměstnaní - odvětví ekon.čin.: informační a komunikační činnosti - celkem,-0.07820051896689414,-0.5773113427082432,0.1452371332701151,-0.0803770786910379,-0.2621160660920919,0.07342624772369778,-0.22419025609255896,0.006620844879109919,0.014305900204242187,-0.05326845874116551,-0.013739630485237941,-0.002423628859579839,-0.06161976705568388,0.0645333886092023,0.19008568230728756,-0.18197840388097627,-0.04471598176447621,-0.027637007436953152,-0.07956982760391647,-0.01838311051503913,0.0034350441013113685,0.04468827195073897,-0.10793752155386044,-0.02387513821257264,-0.019692695823260012,0.0008067597405740936,-0.028797732936819788,-0.010046701429152018,0.06350776301762645
Obyvatelstvo - zaměstnaní - odvětví ekon.čin.: peněžnictví a pojišťovnictví - celkem,-0.08167139556795636,-0.4276426143425658,0.19044937018025943,-0.0724985441511712,-0.24409662249666847,0.046806340506523596,-0.09848363261592226,-0.04928459080536487,-0.03298977173054628,0.007521136901686989,-0.0007708278639255394,0.03214492500054637,-0.13112800682612352,0.12639237066580908,0.16716564379750237,-0.11701638476851658,0.002961254209406191,0.01243928061295572,-0.04727753939906673,-0.03047270213853002,0.029717270454219197,0.09881058572372414,-0.21307839410541604,-0.08077633903075927,0.052741036851795514,-0.016131149227587967,-0.035158188040180074,0.14548929286111867,0.014344987722923057
"Obyvatelstvo - zaměstnaní - odvětví ekon.čin.: činnosti v oblasti nemovitostí, profesní, věd. a tech. činnosti a administr. a podpůrné činnosti - celkem",-0.06326145564413486,-0.5763860162212436,0.029302623649090212,-0.05556668915119131,-0.21967485443250012,0.09024872064273035,-0.09848092561746573,0.041820211621654946,0.1444127280747796,-0.0839059134413652,-0.062151364155315525,0.11010506623353811,-0.03192185901352353,0.027105352085901126,0.1606715121945065,-0.17648399021191327,-0.12573241458915924,-0.09317387150975538,-0.1199256593138319,-0.10228187043508616,-0.03779181693203095,-0.019718308685017772,-0.11354818679691227,-0.03444742956891527,0.00493511627330748,0.016569064962819288,-0.11148291359981312,-0.028054962719627215,0.07246095704132137
"Obyvatelstvo - zaměstnaní - odvětví ekon.čin.: veřejná správa a obrana, povinné sociální zabezpečení - celkem",-0.035343470667843394,-0.12000617454493791,0.1326999886820486,-0.04519703203500813,-0.1732857767011978,0.00445693952652117,0.13667241529135166,-0.13028942234023527,0.035342431653100956,0.06567710763034046,0.08109298757150725,0.07720332251998628,0.43497818785408837,0.21156305100022155,0.14584597933767987,0.3120390647074738,0.148629542331494,0.29200757308294445,0.15397425573178047,0.11305493093749822,-0.046129363204869295,-0.28303602405785927,-0.129069315989594,-0.03498352150942715,-0.004349525528912641,0.07285011770247159,0.11443594497840359,0.20773047299396044,-0.04439077660846609
Obyvatelstvo - zaměstnaní - odvětví ekon.čin.: vzdělávání - celkem,-0.04617178658422065,-0.18893079200222063,0.22235599125961228,-0.11108385351401796,-0.2627869889355498,-0.009904995223028581,-0.019064864228323843,0.015357121312239104,-0.04877079059530062,0.04996411821187656,0.17490918523178117,-0.08007062035145408,0.046695863812111195,-0.28816168059606595,0.05459766580989465,0.13155278778962662,-0.17329068336616754,0.14356149602045631,-0.0675307064085012,-0.05059000714356813,-0.2099565994703543,-0.21542778355422304,0.13789090650231825,0.43298050335780663,-0.1665943751843823,0.17415979646342558,0.012558558293986331,-0.2148604149113829,-0.011237459578397663
Obyvatelstvo - zaměstnaní - odvětví ekon.čin.: zdravotní a sociální péče - celkem,-0.03741487308216646,-0.18678477532366722,0.08678969081499419,-0.07191926512004924,-0.1912918487805012,-0.0027643718347269827,0.02570906666847366,0.10007806078530519,-0.02204352382272043,0.1401380407983339,0.15828409131633583,0.043460844427746545,0.023100123152541972,-0.1255812580665062,-0.24990421260563617,0.40341004437387123,-0.27072420127271835,0.1995083533118649,-0.1325017280264035,0.12218087737367737,-0.09482667230572413,0.3841611312389666,-0.01537052036501731,-0.3155842369761699,0.023274388593643374,-0.11094651206243958,-0.09938039761488714,0.03429691810758617,0.11825088306440154
Obyvatelstvo - zaměstnaní - odvětví ekon.čin.: nezjištěno - celkem,0.004318434260287087,-0.05571832071229708,-0.16167288417837872,0.033454432565277595,0.10791064668806798,0.025366208486998415,-0.0357857469286645,-0.02671504624701225,0.23537329307338664,-0.18112741055848577,-0.05062512273238736,0.05557786760011384,0.10468215879267977,-0.006590533413911182,0.20469600780719066,0.121635363452752,0.14626143034795078,0.19333590979392593,0.024461538610745775,-0.13901554417706632,0.27328351690065233,0.4410016023182521,0.2869840904183234,0.4571831787774841,0.11075879601889464,-0.16293058973951444,-0.1118601129580439,0.1177020487493205,0.01772811739846308
Hospodařící domácnosti v bytech - počet členů domácnosti: 1,-0.041755766054368953,-0.2343279657672359,-0.6046424420408212,-0.12165097658072258,-0.17648130501684126,0.03832224942057806,-0.023586572137260432,0.06576942735264346,-0.09358448216246597,-0.09261176713636396,-0.05479857567641086,-0.19889168389471035,-0.10084770014140938,-0.02070180375515915,0.046436487155780304,-0.045941375269130426,0.12708664015720864,0.028822310698493694,0.0008281224742694895,0.13744388290765946,0.044838258777322074,0.03267323887099347,0.024104413677396304,0.08837410120115999,-0.11030408489590904,0.13977728790263683,0.08534502185702975,0.09467203234939138,-0.0052542274546255345
Hospodařící domácnosti v bytech - počet členů domácnosti: 2,-0.02218263468149832,0.1574898266855912,-0.22746605870224118,-0.20850882629853426,-0.4503841227002045,-0.030902823012978177,0.14110027123699914,0.02612409195055346,-0.15281146887978536,-0.08486222735261602,-0.18295417316706797,-0.3229797841867741,0.08051487218292186,-0.08846679097591456,0.2883872855258107,-0.03716352037948006,-0.020461123670932353,-0.027594600548143094,-0.03324974707153736,0.010147046216591871,0.06905676145628815,0.07750405454071366,0.10003483789843895,-0.10607387029522963,-0.08676025672255179,0.09756934613195986,0.11879830203580664,0.11352218848281083,-0.08740111299251072
Hospodařící domácnosti v bytech - počet členů domácnosti: 3,-0.07140807332910269,-0.043693845477438535,0.11981713566311764,-0.05687720995472438,-0.08490450552033216,-0.04257952772886142,0.2372741284177837,0.07783434347426875,-0.17214936121637137,-0.02162665318936083,-0.00014504074413688954,-0.15046552630157856,-0.19593373445433043,0.34242501497571465,0.12102395887411041,0.29326018834114437,0.1451975311606571,0.04072203493538609,-0.10573009265262376,0.020671902083084705,0.1692248616920905,0.10238487861838216,-0.276250933514537,0.1520559395301862,-0.12367586187191212,-0.2746818079385898,0.15602884330140931,-0.4413077397561486,0.2233259599913143
Hospodařící domácnosti v bytech - počet členů domácnosti: 4,-0.10370172741540826,-0.016480231133550488,0.572462002946845,0.05581363344870375,0.0765422952913772,-0.05470380284331106,0.04729392955660372,-0.07776670512013356,-0.14964907215484582,0.12025915010502548,0.04713474690392954,0.0591173305670035,-0.0404449378336588,-0.02627356022926467,0.09340781484791323,0.10233850421966018,0.3283336067592011,-0.040031590530609874,-0.17296739051709364,-0.06212057221793693,0.10248661045541449,0.04499557164968098,0.12587614550522516,-0.08666010157143067,-0.138685605481864,0.34968869587861845,-0.2760529073630363,0.16592376503222206,-0.1269764656316954
Hospodařící domácnosti v bytech - počet členů domácnosti: 5 a více,0.009016128719733276,0.21762629492335211,0.3298754399253707,0.15966567145993193,0.3858613928910223,-0.023928722814572694,-0.27732819995987,0.04551399410057964,0.01807309144549069,0.019065772827973126,0.10590097646736886,-0.19378495788163366,0.007696063368539888,-0.03640075860909253,-0.010083969788140646,-0.15631720070372523,-0.28215375967639195,0.05842933474444822,0.27909522423688327,0.07561680319697098,-0.12832670482066433,-0.021614096068326104,0.03654278037537548,0.11841703641297201,0.15366022255778908,-0.12539419063996093,0.2552738825345669,0.056974154754557055,0.06031189937938625
Obyvatelstvo - státní občanství: Česká republika - celkem,0.20653012253383324,0.18429336428019547,-0.017585648848009703,0.19477541989096162,-0.06876247685421395,0.7608678352090217,0.01897587709963519,0.04399528576817037,-0.026447549184050914,0.025327267708736445,0.03743202695052028,0.009682194550611494,0.006648853199944892,-9.906916981232961e-05,-0.0017355668674827662,-0.013633020922961403,-0.016721049170527066,0.010767206189655702,-0.0032205344860407733,-0.009844130461186483,0.011771935978406043,0.0025502475131122552,0.0037381682923957487,-0.007813967908603883,-0.002789988937984291,-0.020758902536049707,-0.029853609126910135,-0.03301447696002926,-0.10077156624909331
Obyvatelstvo - státní občanství: Slovenská republika - celkem,0.13061261717457717,0.16960225774126364,-0.009670927764847697,0.19297485607522982,-0.08570980019363897,0.896268314344908,0.018957072006218108,0.056219907334440475,-0.05944062068521747,0.045995056768190365,0.03729170300745367,0.002183578603204334,0.008682005670525492,-0.003631121079438788,0.019021492842617758,0.013156379907806421,0.017398585281778796,-0.0018150398073394334,0.0004557851056489802,-0.027463213717630223,0.017350633455957,-0.004385176394961117,0.010669329156383195,0.0014849767976983456,0.00438323936302813,-0.01568099257529986,-0.0146018693625833,-0.07165018809684634,-0.08382657891731031
Obyvatelstvo - státní občanství: země EU mimo ČR - celkem,0.12894789189618994,0.17332882517483483,-0.00403428100503782,0.1904665722153718,-0.0874552817685757,0.9152196284950622,0.015545885522060784,0.055648005745348936,-0.05873412213629389,0.05006338671786817,0.04158468690286436,-0.0046600408205909735,0.00542426095938156,-0.008132098297397668,0.01584528912049564,0.007318079152437952,0.020755543835219336,-0.006082570050334781,0.0007709192880853874,-0.02358303591984912,0.016757958575969706,-0.007997894785234065,0.006182323752536238,-0.0018534983829169868,0.006086821871797087,-0.009694320907327412,-0.010765602896116904,-0.06802609034570914,-0.07142955287608961
Obyvatelstvo - bez státního občanství - celkem,0.03797992508065547,0.06940926556435002,-0.01870645265774818,0.06755380559895034,-0.041412823053472034,0.42028220699184876,0.027150532035327996,0.045045568493631075,-0.041022620611325236,0.04018805166095537,0.034120336523775115,0.010540528233977728,-0.036946346758468925,-0.00800145663280244,0.02062848138259576,0.01721191691994692,0.013857167886864008,-0.01835161605693023,-0.0296350255460418,-0.05587714807197397,-0.06072750803580004,0.06981256568429921,0.008698848683567193,0.004955843517794715,0.012515535431538839,0.10944305594696684,0.21024975481857167,0.4417174028877513,0.6028892108744239
Obyvatelstvo - státní občanství: nezjištěno - celkem,0.07884582123008453,0.1391147493264394,-2.9387342254880644e-05,0.15582912328038204,-0.07152171660648238,0.788160248733098,0.01086318576240883,0.0397527258210034,-0.0529603321355814,0.0486773779505664,0.03968142662669847,-0.014530170081581575,0.00016911912332032917,-0.014982704550559299,0.005549575045874077,0.013745966583142907,0.024384729563657396,-0.007691410076465319,0.008340834696270654,-0.00803648928587457,0.016825313320860187,-0.02308695219300372,0.009131080957071037,-0.00914783049302067,-0.004322868549500579,-0.0017246011174314973,-0.014116691994189167,-0.07235760976754928,-0.02985296717825711
"Obyvatelstvo - náboženská víra: věřící - nehlásící se k církvi, náboženské společnosti nebo směru - celkem",-0.002686363193020561,-0.04229530982610748,0.03807787735488821,-0.05172961258863151,-0.1397064824468019,0.03144913421195932,-0.2721694325270408,0.33445936023416595,0.1838007190704664,-0.10450824702860576,0.020906095103284745,-0.08281880302209038,0.18809715073074998,-0.08276329028082098,-0.28112491448678983,-0.23383706550539052,0.12833986770521263,0.1846280375475424,-0.09324106686889069,0.028197479692081768,0.2641593207985587,-0.08223482141713384,-0.08303656434044433,-0.09421858549817519,-0.15479280175911564,-0.10865789263096555,-0.16446176154240316,-0.032405299547655086,-0.018658659677883938
"Obyvatelstvo - náboženská víra: věřící - hlásící se k církvi, náboženské společnosti nebo směru - celkem",0.009626819890357054,0.2658342227830751,0.18201231177554553,-0.022852394202400192,-0.02088754856648128,-0.08926604582076175,-0.46841049857090805,0.5260450394346171,0.08994494690018069,-0.002382727293261097,0.09672709604665787,-0.16746809971785886,0.0957248695964522,-0.06382342038683125,-0.11919426654844444,-0.029485752985207576,0.11648863155162227,0.12052866916581033,0.08543529434091522,-0.1114225222169274,0.07993782916167061,-0.0031572639179028804,0.004353723641516003,0.005797793479743113,-0.010416838000329163,-0.0031577118557055794,0.03369969689188494,0.012107324607600257,0.07928134013925915
Obyvatelstvo - náboženská víra: bez náboženské víry - celkem,0.007658237441684407,-0.276050689018024,0.00682171180173039,-0.05010281225796186,-0.1802941030832127,0.049612260890030846,0.5177136046167164,-0.5853243560313448,-0.17083552741271593,0.15184930721220435,0.012576117741462556,-0.02112935660720455,0.023341166139228292,0.22416365727737267,-0.08897752645852613,-0.14827268758110332,-0.11937654096985162,-0.10148997342819556,-0.11756157953357267,0.01326866409129187,-0.13258924138076203,0.10177722975591931,0.13404124213942487,0.10966991290136496,0.08921451369062036,0.006634204477830073,0.010611952604906973,0.007516670741162575,-0.0325397420691636
Obyvatelstvo - náboženská víra: neuvedeno - celkem,-0.021296540384607304,0.11600465569568158,-0.24340969563758846,0.12682833396537152,0.36090094305015236,0.01603709223050092,-0.07686964260409868,0.07766711694056816,0.05432373601240917,-0.16909410405930414,-0.14291184095994255,0.26984623111418127,-0.24142952408355645,-0.21447745955369718,0.4126259590139851,0.37090588605541985,-0.025127934698464593,-0.08451383909105287,0.11980296612148145,0.0974265164644714,-0.030662394097696232,-0.10539026955611137,-0.16148320391321844,-0.12158240496657496,-0.04192328947503205,0.04837862877860007,0.027087573155355284,-0.009111897943480074,-0.03591052375264478
